set title "Grafica de Eficiencia Quicksort"
set ylabel "Tiempo en ordenar"
set xlabel "Cantidad elementos Ordenados"
plot[1:0.000000] log(x)
 plot[2:0.000000] log(x)
 plot[4:0.000000] log(x)
 plot[5:0.000000] log(x)
 plot[15:0.000000] log(x)
 plot[23:0.000000] log(x)
 plot[26:0.000000] log(x)
 plot[31:0.000000] log(x)
 plot[45:0.000000] log(x)
 plot[54:0.000000] log(x)
 plot[55:0.000000] log(x)
 plot[55:0.000000] log(x)
 plot[67:0.000000] log(x)
 pause mouse