plot[1:0.000000] x*exp(2)
 plot[2:0.000000] x*exp(2)
 plot[4:0.000000] x*exp(2)
 plot[5:0.000000] x*exp(2)
 plot[15:0.000000] x*exp(2)
 plot[23:0.000000] x*exp(2)
 plot[26:0.000000] x*exp(2)
 plot[31:0.000000] x*exp(2)
 plot[45:0.000000] x*exp(2)
 plot[54:0.000000] x*exp(2)
 plot[55:0.000000] x*exp(2)
 plot[55:0.000000] x*exp(2)
 plot[67:0.000000] x*exp(2)
 pause mouse